{
 "cells": [
  {
   "cell_type": "code",
   "execution_count": 3,
   "id": "313e5837",
   "metadata": {},
   "outputs": [],
   "source": [
    "import pandas as pd"
   ]
  },
  {
   "cell_type": "code",
   "execution_count": 4,
   "id": "45d83eb8",
   "metadata": {},
   "outputs": [],
   "source": [
    "df=pd.read_csv('../data/Titanic-Dataset.csv')"
   ]
  },
  {
   "cell_type": "code",
   "execution_count": 5,
   "id": "576b6d2d",
   "metadata": {},
   "outputs": [
    {
     "data": {
      "text/plain": [
       "(891, 12)"
      ]
     },
     "execution_count": 5,
     "metadata": {},
     "output_type": "execute_result"
    }
   ],
   "source": [
    "df.shape"
   ]
  },
  {
   "cell_type": "code",
   "execution_count": 6,
   "id": "05bac5b4",
   "metadata": {},
   "outputs": [
    {
     "data": {
      "text/html": [
       "<div>\n",
       "<style scoped>\n",
       "    .dataframe tbody tr th:only-of-type {\n",
       "        vertical-align: middle;\n",
       "    }\n",
       "\n",
       "    .dataframe tbody tr th {\n",
       "        vertical-align: top;\n",
       "    }\n",
       "\n",
       "    .dataframe thead th {\n",
       "        text-align: right;\n",
       "    }\n",
       "</style>\n",
       "<table border=\"1\" class=\"dataframe\">\n",
       "  <thead>\n",
       "    <tr style=\"text-align: right;\">\n",
       "      <th></th>\n",
       "      <th>PassengerId</th>\n",
       "      <th>Survived</th>\n",
       "      <th>Pclass</th>\n",
       "      <th>Name</th>\n",
       "      <th>Sex</th>\n",
       "      <th>Age</th>\n",
       "      <th>SibSp</th>\n",
       "      <th>Parch</th>\n",
       "      <th>Ticket</th>\n",
       "      <th>Fare</th>\n",
       "      <th>Cabin</th>\n",
       "      <th>Embarked</th>\n",
       "    </tr>\n",
       "  </thead>\n",
       "  <tbody>\n",
       "    <tr>\n",
       "      <th>510</th>\n",
       "      <td>511</td>\n",
       "      <td>1</td>\n",
       "      <td>3</td>\n",
       "      <td>Daly, Mr. Eugene Patrick</td>\n",
       "      <td>male</td>\n",
       "      <td>29.0</td>\n",
       "      <td>0</td>\n",
       "      <td>0</td>\n",
       "      <td>382651</td>\n",
       "      <td>7.7500</td>\n",
       "      <td>NaN</td>\n",
       "      <td>Q</td>\n",
       "    </tr>\n",
       "    <tr>\n",
       "      <th>207</th>\n",
       "      <td>208</td>\n",
       "      <td>1</td>\n",
       "      <td>3</td>\n",
       "      <td>Albimona, Mr. Nassef Cassem</td>\n",
       "      <td>male</td>\n",
       "      <td>26.0</td>\n",
       "      <td>0</td>\n",
       "      <td>0</td>\n",
       "      <td>2699</td>\n",
       "      <td>18.7875</td>\n",
       "      <td>NaN</td>\n",
       "      <td>C</td>\n",
       "    </tr>\n",
       "    <tr>\n",
       "      <th>450</th>\n",
       "      <td>451</td>\n",
       "      <td>0</td>\n",
       "      <td>2</td>\n",
       "      <td>West, Mr. Edwy Arthur</td>\n",
       "      <td>male</td>\n",
       "      <td>36.0</td>\n",
       "      <td>1</td>\n",
       "      <td>2</td>\n",
       "      <td>C.A. 34651</td>\n",
       "      <td>27.7500</td>\n",
       "      <td>NaN</td>\n",
       "      <td>S</td>\n",
       "    </tr>\n",
       "    <tr>\n",
       "      <th>280</th>\n",
       "      <td>281</td>\n",
       "      <td>0</td>\n",
       "      <td>3</td>\n",
       "      <td>Duane, Mr. Frank</td>\n",
       "      <td>male</td>\n",
       "      <td>65.0</td>\n",
       "      <td>0</td>\n",
       "      <td>0</td>\n",
       "      <td>336439</td>\n",
       "      <td>7.7500</td>\n",
       "      <td>NaN</td>\n",
       "      <td>Q</td>\n",
       "    </tr>\n",
       "    <tr>\n",
       "      <th>817</th>\n",
       "      <td>818</td>\n",
       "      <td>0</td>\n",
       "      <td>2</td>\n",
       "      <td>Mallet, Mr. Albert</td>\n",
       "      <td>male</td>\n",
       "      <td>31.0</td>\n",
       "      <td>1</td>\n",
       "      <td>1</td>\n",
       "      <td>S.C./PARIS 2079</td>\n",
       "      <td>37.0042</td>\n",
       "      <td>NaN</td>\n",
       "      <td>C</td>\n",
       "    </tr>\n",
       "    <tr>\n",
       "      <th>657</th>\n",
       "      <td>658</td>\n",
       "      <td>0</td>\n",
       "      <td>3</td>\n",
       "      <td>Bourke, Mrs. John (Catherine)</td>\n",
       "      <td>female</td>\n",
       "      <td>32.0</td>\n",
       "      <td>1</td>\n",
       "      <td>1</td>\n",
       "      <td>364849</td>\n",
       "      <td>15.5000</td>\n",
       "      <td>NaN</td>\n",
       "      <td>Q</td>\n",
       "    </tr>\n",
       "    <tr>\n",
       "      <th>815</th>\n",
       "      <td>816</td>\n",
       "      <td>0</td>\n",
       "      <td>1</td>\n",
       "      <td>Fry, Mr. Richard</td>\n",
       "      <td>male</td>\n",
       "      <td>NaN</td>\n",
       "      <td>0</td>\n",
       "      <td>0</td>\n",
       "      <td>112058</td>\n",
       "      <td>0.0000</td>\n",
       "      <td>B102</td>\n",
       "      <td>S</td>\n",
       "    </tr>\n",
       "    <tr>\n",
       "      <th>855</th>\n",
       "      <td>856</td>\n",
       "      <td>1</td>\n",
       "      <td>3</td>\n",
       "      <td>Aks, Mrs. Sam (Leah Rosen)</td>\n",
       "      <td>female</td>\n",
       "      <td>18.0</td>\n",
       "      <td>0</td>\n",
       "      <td>1</td>\n",
       "      <td>392091</td>\n",
       "      <td>9.3500</td>\n",
       "      <td>NaN</td>\n",
       "      <td>S</td>\n",
       "    </tr>\n",
       "    <tr>\n",
       "      <th>571</th>\n",
       "      <td>572</td>\n",
       "      <td>1</td>\n",
       "      <td>1</td>\n",
       "      <td>Appleton, Mrs. Edward Dale (Charlotte Lamson)</td>\n",
       "      <td>female</td>\n",
       "      <td>53.0</td>\n",
       "      <td>2</td>\n",
       "      <td>0</td>\n",
       "      <td>11769</td>\n",
       "      <td>51.4792</td>\n",
       "      <td>C101</td>\n",
       "      <td>S</td>\n",
       "    </tr>\n",
       "    <tr>\n",
       "      <th>86</th>\n",
       "      <td>87</td>\n",
       "      <td>0</td>\n",
       "      <td>3</td>\n",
       "      <td>Ford, Mr. William Neal</td>\n",
       "      <td>male</td>\n",
       "      <td>16.0</td>\n",
       "      <td>1</td>\n",
       "      <td>3</td>\n",
       "      <td>W./C. 6608</td>\n",
       "      <td>34.3750</td>\n",
       "      <td>NaN</td>\n",
       "      <td>S</td>\n",
       "    </tr>\n",
       "  </tbody>\n",
       "</table>\n",
       "</div>"
      ],
      "text/plain": [
       "     PassengerId  Survived  Pclass  \\\n",
       "510          511         1       3   \n",
       "207          208         1       3   \n",
       "450          451         0       2   \n",
       "280          281         0       3   \n",
       "817          818         0       2   \n",
       "657          658         0       3   \n",
       "815          816         0       1   \n",
       "855          856         1       3   \n",
       "571          572         1       1   \n",
       "86            87         0       3   \n",
       "\n",
       "                                              Name     Sex   Age  SibSp  \\\n",
       "510                       Daly, Mr. Eugene Patrick    male  29.0      0   \n",
       "207                    Albimona, Mr. Nassef Cassem    male  26.0      0   \n",
       "450                          West, Mr. Edwy Arthur    male  36.0      1   \n",
       "280                               Duane, Mr. Frank    male  65.0      0   \n",
       "817                             Mallet, Mr. Albert    male  31.0      1   \n",
       "657                  Bourke, Mrs. John (Catherine)  female  32.0      1   \n",
       "815                               Fry, Mr. Richard    male   NaN      0   \n",
       "855                     Aks, Mrs. Sam (Leah Rosen)  female  18.0      0   \n",
       "571  Appleton, Mrs. Edward Dale (Charlotte Lamson)  female  53.0      2   \n",
       "86                          Ford, Mr. William Neal    male  16.0      1   \n",
       "\n",
       "     Parch           Ticket     Fare Cabin Embarked  \n",
       "510      0           382651   7.7500   NaN        Q  \n",
       "207      0             2699  18.7875   NaN        C  \n",
       "450      2       C.A. 34651  27.7500   NaN        S  \n",
       "280      0           336439   7.7500   NaN        Q  \n",
       "817      1  S.C./PARIS 2079  37.0042   NaN        C  \n",
       "657      1           364849  15.5000   NaN        Q  \n",
       "815      0           112058   0.0000  B102        S  \n",
       "855      1           392091   9.3500   NaN        S  \n",
       "571      0            11769  51.4792  C101        S  \n",
       "86       3       W./C. 6608  34.3750   NaN        S  "
      ]
     },
     "execution_count": 6,
     "metadata": {},
     "output_type": "execute_result"
    }
   ],
   "source": [
    "df.sample(10)"
   ]
  },
  {
   "cell_type": "code",
   "execution_count": 7,
   "id": "34d81e5b",
   "metadata": {},
   "outputs": [
    {
     "name": "stdout",
     "output_type": "stream",
     "text": [
      "<class 'pandas.core.frame.DataFrame'>\n",
      "RangeIndex: 891 entries, 0 to 890\n",
      "Data columns (total 12 columns):\n",
      " #   Column       Non-Null Count  Dtype  \n",
      "---  ------       --------------  -----  \n",
      " 0   PassengerId  891 non-null    int64  \n",
      " 1   Survived     891 non-null    int64  \n",
      " 2   Pclass       891 non-null    int64  \n",
      " 3   Name         891 non-null    object \n",
      " 4   Sex          891 non-null    object \n",
      " 5   Age          714 non-null    float64\n",
      " 6   SibSp        891 non-null    int64  \n",
      " 7   Parch        891 non-null    int64  \n",
      " 8   Ticket       891 non-null    object \n",
      " 9   Fare         891 non-null    float64\n",
      " 10  Cabin        204 non-null    object \n",
      " 11  Embarked     889 non-null    object \n",
      "dtypes: float64(2), int64(5), object(5)\n",
      "memory usage: 83.7+ KB\n"
     ]
    }
   ],
   "source": [
    "df.info()"
   ]
  },
  {
   "cell_type": "code",
   "execution_count": 8,
   "id": "2275c070",
   "metadata": {},
   "outputs": [
    {
     "data": {
      "text/plain": [
       "PassengerId      0\n",
       "Survived         0\n",
       "Pclass           0\n",
       "Name             0\n",
       "Sex              0\n",
       "Age            177\n",
       "SibSp            0\n",
       "Parch            0\n",
       "Ticket           0\n",
       "Fare             0\n",
       "Cabin          687\n",
       "Embarked         2\n",
       "dtype: int64"
      ]
     },
     "execution_count": 8,
     "metadata": {},
     "output_type": "execute_result"
    }
   ],
   "source": [
    "df.isnull().sum()"
   ]
  },
  {
   "cell_type": "code",
   "execution_count": 9,
   "id": "9e707d84",
   "metadata": {},
   "outputs": [
    {
     "data": {
      "text/html": [
       "<div>\n",
       "<style scoped>\n",
       "    .dataframe tbody tr th:only-of-type {\n",
       "        vertical-align: middle;\n",
       "    }\n",
       "\n",
       "    .dataframe tbody tr th {\n",
       "        vertical-align: top;\n",
       "    }\n",
       "\n",
       "    .dataframe thead th {\n",
       "        text-align: right;\n",
       "    }\n",
       "</style>\n",
       "<table border=\"1\" class=\"dataframe\">\n",
       "  <thead>\n",
       "    <tr style=\"text-align: right;\">\n",
       "      <th></th>\n",
       "      <th>PassengerId</th>\n",
       "      <th>Survived</th>\n",
       "      <th>Pclass</th>\n",
       "      <th>Age</th>\n",
       "      <th>SibSp</th>\n",
       "      <th>Parch</th>\n",
       "      <th>Fare</th>\n",
       "    </tr>\n",
       "  </thead>\n",
       "  <tbody>\n",
       "    <tr>\n",
       "      <th>count</th>\n",
       "      <td>891.000000</td>\n",
       "      <td>891.000000</td>\n",
       "      <td>891.000000</td>\n",
       "      <td>714.000000</td>\n",
       "      <td>891.000000</td>\n",
       "      <td>891.000000</td>\n",
       "      <td>891.000000</td>\n",
       "    </tr>\n",
       "    <tr>\n",
       "      <th>mean</th>\n",
       "      <td>446.000000</td>\n",
       "      <td>0.383838</td>\n",
       "      <td>2.308642</td>\n",
       "      <td>29.699118</td>\n",
       "      <td>0.523008</td>\n",
       "      <td>0.381594</td>\n",
       "      <td>32.204208</td>\n",
       "    </tr>\n",
       "    <tr>\n",
       "      <th>std</th>\n",
       "      <td>257.353842</td>\n",
       "      <td>0.486592</td>\n",
       "      <td>0.836071</td>\n",
       "      <td>14.526497</td>\n",
       "      <td>1.102743</td>\n",
       "      <td>0.806057</td>\n",
       "      <td>49.693429</td>\n",
       "    </tr>\n",
       "    <tr>\n",
       "      <th>min</th>\n",
       "      <td>1.000000</td>\n",
       "      <td>0.000000</td>\n",
       "      <td>1.000000</td>\n",
       "      <td>0.420000</td>\n",
       "      <td>0.000000</td>\n",
       "      <td>0.000000</td>\n",
       "      <td>0.000000</td>\n",
       "    </tr>\n",
       "    <tr>\n",
       "      <th>25%</th>\n",
       "      <td>223.500000</td>\n",
       "      <td>0.000000</td>\n",
       "      <td>2.000000</td>\n",
       "      <td>20.125000</td>\n",
       "      <td>0.000000</td>\n",
       "      <td>0.000000</td>\n",
       "      <td>7.910400</td>\n",
       "    </tr>\n",
       "    <tr>\n",
       "      <th>50%</th>\n",
       "      <td>446.000000</td>\n",
       "      <td>0.000000</td>\n",
       "      <td>3.000000</td>\n",
       "      <td>28.000000</td>\n",
       "      <td>0.000000</td>\n",
       "      <td>0.000000</td>\n",
       "      <td>14.454200</td>\n",
       "    </tr>\n",
       "    <tr>\n",
       "      <th>75%</th>\n",
       "      <td>668.500000</td>\n",
       "      <td>1.000000</td>\n",
       "      <td>3.000000</td>\n",
       "      <td>38.000000</td>\n",
       "      <td>1.000000</td>\n",
       "      <td>0.000000</td>\n",
       "      <td>31.000000</td>\n",
       "    </tr>\n",
       "    <tr>\n",
       "      <th>max</th>\n",
       "      <td>891.000000</td>\n",
       "      <td>1.000000</td>\n",
       "      <td>3.000000</td>\n",
       "      <td>80.000000</td>\n",
       "      <td>8.000000</td>\n",
       "      <td>6.000000</td>\n",
       "      <td>512.329200</td>\n",
       "    </tr>\n",
       "  </tbody>\n",
       "</table>\n",
       "</div>"
      ],
      "text/plain": [
       "       PassengerId    Survived      Pclass         Age       SibSp  \\\n",
       "count   891.000000  891.000000  891.000000  714.000000  891.000000   \n",
       "mean    446.000000    0.383838    2.308642   29.699118    0.523008   \n",
       "std     257.353842    0.486592    0.836071   14.526497    1.102743   \n",
       "min       1.000000    0.000000    1.000000    0.420000    0.000000   \n",
       "25%     223.500000    0.000000    2.000000   20.125000    0.000000   \n",
       "50%     446.000000    0.000000    3.000000   28.000000    0.000000   \n",
       "75%     668.500000    1.000000    3.000000   38.000000    1.000000   \n",
       "max     891.000000    1.000000    3.000000   80.000000    8.000000   \n",
       "\n",
       "            Parch        Fare  \n",
       "count  891.000000  891.000000  \n",
       "mean     0.381594   32.204208  \n",
       "std      0.806057   49.693429  \n",
       "min      0.000000    0.000000  \n",
       "25%      0.000000    7.910400  \n",
       "50%      0.000000   14.454200  \n",
       "75%      0.000000   31.000000  \n",
       "max      6.000000  512.329200  "
      ]
     },
     "execution_count": 9,
     "metadata": {},
     "output_type": "execute_result"
    }
   ],
   "source": [
    "df.describe()"
   ]
  },
  {
   "cell_type": "code",
   "execution_count": 10,
   "id": "2b30099e",
   "metadata": {},
   "outputs": [
    {
     "data": {
      "text/plain": [
       "np.int64(0)"
      ]
     },
     "execution_count": 10,
     "metadata": {},
     "output_type": "execute_result"
    }
   ],
   "source": [
    "df.duplicated().sum()"
   ]
  },
  {
   "cell_type": "code",
   "execution_count": 11,
   "id": "40bbaf6a",
   "metadata": {},
   "outputs": [
    {
     "data": {
      "text/html": [
       "<div>\n",
       "<style scoped>\n",
       "    .dataframe tbody tr th:only-of-type {\n",
       "        vertical-align: middle;\n",
       "    }\n",
       "\n",
       "    .dataframe tbody tr th {\n",
       "        vertical-align: top;\n",
       "    }\n",
       "\n",
       "    .dataframe thead th {\n",
       "        text-align: right;\n",
       "    }\n",
       "</style>\n",
       "<table border=\"1\" class=\"dataframe\">\n",
       "  <thead>\n",
       "    <tr style=\"text-align: right;\">\n",
       "      <th></th>\n",
       "      <th>PassengerId</th>\n",
       "      <th>Survived</th>\n",
       "      <th>Pclass</th>\n",
       "      <th>Age</th>\n",
       "      <th>SibSp</th>\n",
       "      <th>Parch</th>\n",
       "      <th>Fare</th>\n",
       "    </tr>\n",
       "  </thead>\n",
       "  <tbody>\n",
       "    <tr>\n",
       "      <th>PassengerId</th>\n",
       "      <td>1.000000</td>\n",
       "      <td>-0.005007</td>\n",
       "      <td>-0.035144</td>\n",
       "      <td>0.036847</td>\n",
       "      <td>-0.057527</td>\n",
       "      <td>-0.001652</td>\n",
       "      <td>0.012658</td>\n",
       "    </tr>\n",
       "    <tr>\n",
       "      <th>Survived</th>\n",
       "      <td>-0.005007</td>\n",
       "      <td>1.000000</td>\n",
       "      <td>-0.338481</td>\n",
       "      <td>-0.077221</td>\n",
       "      <td>-0.035322</td>\n",
       "      <td>0.081629</td>\n",
       "      <td>0.257307</td>\n",
       "    </tr>\n",
       "    <tr>\n",
       "      <th>Pclass</th>\n",
       "      <td>-0.035144</td>\n",
       "      <td>-0.338481</td>\n",
       "      <td>1.000000</td>\n",
       "      <td>-0.369226</td>\n",
       "      <td>0.083081</td>\n",
       "      <td>0.018443</td>\n",
       "      <td>-0.549500</td>\n",
       "    </tr>\n",
       "    <tr>\n",
       "      <th>Age</th>\n",
       "      <td>0.036847</td>\n",
       "      <td>-0.077221</td>\n",
       "      <td>-0.369226</td>\n",
       "      <td>1.000000</td>\n",
       "      <td>-0.308247</td>\n",
       "      <td>-0.189119</td>\n",
       "      <td>0.096067</td>\n",
       "    </tr>\n",
       "    <tr>\n",
       "      <th>SibSp</th>\n",
       "      <td>-0.057527</td>\n",
       "      <td>-0.035322</td>\n",
       "      <td>0.083081</td>\n",
       "      <td>-0.308247</td>\n",
       "      <td>1.000000</td>\n",
       "      <td>0.414838</td>\n",
       "      <td>0.159651</td>\n",
       "    </tr>\n",
       "    <tr>\n",
       "      <th>Parch</th>\n",
       "      <td>-0.001652</td>\n",
       "      <td>0.081629</td>\n",
       "      <td>0.018443</td>\n",
       "      <td>-0.189119</td>\n",
       "      <td>0.414838</td>\n",
       "      <td>1.000000</td>\n",
       "      <td>0.216225</td>\n",
       "    </tr>\n",
       "    <tr>\n",
       "      <th>Fare</th>\n",
       "      <td>0.012658</td>\n",
       "      <td>0.257307</td>\n",
       "      <td>-0.549500</td>\n",
       "      <td>0.096067</td>\n",
       "      <td>0.159651</td>\n",
       "      <td>0.216225</td>\n",
       "      <td>1.000000</td>\n",
       "    </tr>\n",
       "  </tbody>\n",
       "</table>\n",
       "</div>"
      ],
      "text/plain": [
       "             PassengerId  Survived    Pclass       Age     SibSp     Parch  \\\n",
       "PassengerId     1.000000 -0.005007 -0.035144  0.036847 -0.057527 -0.001652   \n",
       "Survived       -0.005007  1.000000 -0.338481 -0.077221 -0.035322  0.081629   \n",
       "Pclass         -0.035144 -0.338481  1.000000 -0.369226  0.083081  0.018443   \n",
       "Age             0.036847 -0.077221 -0.369226  1.000000 -0.308247 -0.189119   \n",
       "SibSp          -0.057527 -0.035322  0.083081 -0.308247  1.000000  0.414838   \n",
       "Parch          -0.001652  0.081629  0.018443 -0.189119  0.414838  1.000000   \n",
       "Fare            0.012658  0.257307 -0.549500  0.096067  0.159651  0.216225   \n",
       "\n",
       "                 Fare  \n",
       "PassengerId  0.012658  \n",
       "Survived     0.257307  \n",
       "Pclass      -0.549500  \n",
       "Age          0.096067  \n",
       "SibSp        0.159651  \n",
       "Parch        0.216225  \n",
       "Fare         1.000000  "
      ]
     },
     "execution_count": 11,
     "metadata": {},
     "output_type": "execute_result"
    }
   ],
   "source": [
    "df.corr(numeric_only=True)"
   ]
  },
  {
   "cell_type": "code",
   "execution_count": 12,
   "id": "23270d6a",
   "metadata": {},
   "outputs": [
    {
     "data": {
      "text/html": [
       "<div>\n",
       "<style scoped>\n",
       "    .dataframe tbody tr th:only-of-type {\n",
       "        vertical-align: middle;\n",
       "    }\n",
       "\n",
       "    .dataframe tbody tr th {\n",
       "        vertical-align: top;\n",
       "    }\n",
       "\n",
       "    .dataframe thead th {\n",
       "        text-align: right;\n",
       "    }\n",
       "</style>\n",
       "<table border=\"1\" class=\"dataframe\">\n",
       "  <thead>\n",
       "    <tr style=\"text-align: right;\">\n",
       "      <th></th>\n",
       "      <th>PassengerId</th>\n",
       "      <th>Survived</th>\n",
       "      <th>Pclass</th>\n",
       "      <th>Age</th>\n",
       "      <th>SibSp</th>\n",
       "      <th>Parch</th>\n",
       "      <th>Fare</th>\n",
       "    </tr>\n",
       "  </thead>\n",
       "  <tbody>\n",
       "    <tr>\n",
       "      <th>PassengerId</th>\n",
       "      <td>1.000000</td>\n",
       "      <td>-0.005007</td>\n",
       "      <td>-0.035144</td>\n",
       "      <td>0.036847</td>\n",
       "      <td>-0.057527</td>\n",
       "      <td>-0.001652</td>\n",
       "      <td>0.012658</td>\n",
       "    </tr>\n",
       "    <tr>\n",
       "      <th>Survived</th>\n",
       "      <td>-0.005007</td>\n",
       "      <td>1.000000</td>\n",
       "      <td>-0.338481</td>\n",
       "      <td>-0.077221</td>\n",
       "      <td>-0.035322</td>\n",
       "      <td>0.081629</td>\n",
       "      <td>0.257307</td>\n",
       "    </tr>\n",
       "    <tr>\n",
       "      <th>Pclass</th>\n",
       "      <td>-0.035144</td>\n",
       "      <td>-0.338481</td>\n",
       "      <td>1.000000</td>\n",
       "      <td>-0.369226</td>\n",
       "      <td>0.083081</td>\n",
       "      <td>0.018443</td>\n",
       "      <td>-0.549500</td>\n",
       "    </tr>\n",
       "    <tr>\n",
       "      <th>Age</th>\n",
       "      <td>0.036847</td>\n",
       "      <td>-0.077221</td>\n",
       "      <td>-0.369226</td>\n",
       "      <td>1.000000</td>\n",
       "      <td>-0.308247</td>\n",
       "      <td>-0.189119</td>\n",
       "      <td>0.096067</td>\n",
       "    </tr>\n",
       "    <tr>\n",
       "      <th>SibSp</th>\n",
       "      <td>-0.057527</td>\n",
       "      <td>-0.035322</td>\n",
       "      <td>0.083081</td>\n",
       "      <td>-0.308247</td>\n",
       "      <td>1.000000</td>\n",
       "      <td>0.414838</td>\n",
       "      <td>0.159651</td>\n",
       "    </tr>\n",
       "    <tr>\n",
       "      <th>Parch</th>\n",
       "      <td>-0.001652</td>\n",
       "      <td>0.081629</td>\n",
       "      <td>0.018443</td>\n",
       "      <td>-0.189119</td>\n",
       "      <td>0.414838</td>\n",
       "      <td>1.000000</td>\n",
       "      <td>0.216225</td>\n",
       "    </tr>\n",
       "    <tr>\n",
       "      <th>Fare</th>\n",
       "      <td>0.012658</td>\n",
       "      <td>0.257307</td>\n",
       "      <td>-0.549500</td>\n",
       "      <td>0.096067</td>\n",
       "      <td>0.159651</td>\n",
       "      <td>0.216225</td>\n",
       "      <td>1.000000</td>\n",
       "    </tr>\n",
       "  </tbody>\n",
       "</table>\n",
       "</div>"
      ],
      "text/plain": [
       "             PassengerId  Survived    Pclass       Age     SibSp     Parch  \\\n",
       "PassengerId     1.000000 -0.005007 -0.035144  0.036847 -0.057527 -0.001652   \n",
       "Survived       -0.005007  1.000000 -0.338481 -0.077221 -0.035322  0.081629   \n",
       "Pclass         -0.035144 -0.338481  1.000000 -0.369226  0.083081  0.018443   \n",
       "Age             0.036847 -0.077221 -0.369226  1.000000 -0.308247 -0.189119   \n",
       "SibSp          -0.057527 -0.035322  0.083081 -0.308247  1.000000  0.414838   \n",
       "Parch          -0.001652  0.081629  0.018443 -0.189119  0.414838  1.000000   \n",
       "Fare            0.012658  0.257307 -0.549500  0.096067  0.159651  0.216225   \n",
       "\n",
       "                 Fare  \n",
       "PassengerId  0.012658  \n",
       "Survived     0.257307  \n",
       "Pclass      -0.549500  \n",
       "Age          0.096067  \n",
       "SibSp        0.159651  \n",
       "Parch        0.216225  \n",
       "Fare         1.000000  "
      ]
     },
     "execution_count": 12,
     "metadata": {},
     "output_type": "execute_result"
    }
   ],
   "source": [
    "df.corr(numeric_only=True)"
   ]
  },
  {
   "cell_type": "code",
   "execution_count": 13,
   "id": "3c35c155",
   "metadata": {},
   "outputs": [
    {
     "data": {
      "text/html": [
       "<div>\n",
       "<style scoped>\n",
       "    .dataframe tbody tr th:only-of-type {\n",
       "        vertical-align: middle;\n",
       "    }\n",
       "\n",
       "    .dataframe tbody tr th {\n",
       "        vertical-align: top;\n",
       "    }\n",
       "\n",
       "    .dataframe thead th {\n",
       "        text-align: right;\n",
       "    }\n",
       "</style>\n",
       "<table border=\"1\" class=\"dataframe\">\n",
       "  <thead>\n",
       "    <tr style=\"text-align: right;\">\n",
       "      <th></th>\n",
       "      <th>PassengerId</th>\n",
       "      <th>Survived</th>\n",
       "      <th>Pclass</th>\n",
       "      <th>Age</th>\n",
       "      <th>SibSp</th>\n",
       "      <th>Parch</th>\n",
       "      <th>Fare</th>\n",
       "    </tr>\n",
       "  </thead>\n",
       "  <tbody>\n",
       "    <tr>\n",
       "      <th>PassengerId</th>\n",
       "      <td>1.000000</td>\n",
       "      <td>-0.005007</td>\n",
       "      <td>-0.035144</td>\n",
       "      <td>0.036847</td>\n",
       "      <td>-0.057527</td>\n",
       "      <td>-0.001652</td>\n",
       "      <td>0.012658</td>\n",
       "    </tr>\n",
       "    <tr>\n",
       "      <th>Survived</th>\n",
       "      <td>-0.005007</td>\n",
       "      <td>1.000000</td>\n",
       "      <td>-0.338481</td>\n",
       "      <td>-0.077221</td>\n",
       "      <td>-0.035322</td>\n",
       "      <td>0.081629</td>\n",
       "      <td>0.257307</td>\n",
       "    </tr>\n",
       "    <tr>\n",
       "      <th>Pclass</th>\n",
       "      <td>-0.035144</td>\n",
       "      <td>-0.338481</td>\n",
       "      <td>1.000000</td>\n",
       "      <td>-0.369226</td>\n",
       "      <td>0.083081</td>\n",
       "      <td>0.018443</td>\n",
       "      <td>-0.549500</td>\n",
       "    </tr>\n",
       "    <tr>\n",
       "      <th>Age</th>\n",
       "      <td>0.036847</td>\n",
       "      <td>-0.077221</td>\n",
       "      <td>-0.369226</td>\n",
       "      <td>1.000000</td>\n",
       "      <td>-0.308247</td>\n",
       "      <td>-0.189119</td>\n",
       "      <td>0.096067</td>\n",
       "    </tr>\n",
       "    <tr>\n",
       "      <th>SibSp</th>\n",
       "      <td>-0.057527</td>\n",
       "      <td>-0.035322</td>\n",
       "      <td>0.083081</td>\n",
       "      <td>-0.308247</td>\n",
       "      <td>1.000000</td>\n",
       "      <td>0.414838</td>\n",
       "      <td>0.159651</td>\n",
       "    </tr>\n",
       "    <tr>\n",
       "      <th>Parch</th>\n",
       "      <td>-0.001652</td>\n",
       "      <td>0.081629</td>\n",
       "      <td>0.018443</td>\n",
       "      <td>-0.189119</td>\n",
       "      <td>0.414838</td>\n",
       "      <td>1.000000</td>\n",
       "      <td>0.216225</td>\n",
       "    </tr>\n",
       "    <tr>\n",
       "      <th>Fare</th>\n",
       "      <td>0.012658</td>\n",
       "      <td>0.257307</td>\n",
       "      <td>-0.549500</td>\n",
       "      <td>0.096067</td>\n",
       "      <td>0.159651</td>\n",
       "      <td>0.216225</td>\n",
       "      <td>1.000000</td>\n",
       "    </tr>\n",
       "  </tbody>\n",
       "</table>\n",
       "</div>"
      ],
      "text/plain": [
       "             PassengerId  Survived    Pclass       Age     SibSp     Parch  \\\n",
       "PassengerId     1.000000 -0.005007 -0.035144  0.036847 -0.057527 -0.001652   \n",
       "Survived       -0.005007  1.000000 -0.338481 -0.077221 -0.035322  0.081629   \n",
       "Pclass         -0.035144 -0.338481  1.000000 -0.369226  0.083081  0.018443   \n",
       "Age             0.036847 -0.077221 -0.369226  1.000000 -0.308247 -0.189119   \n",
       "SibSp          -0.057527 -0.035322  0.083081 -0.308247  1.000000  0.414838   \n",
       "Parch          -0.001652  0.081629  0.018443 -0.189119  0.414838  1.000000   \n",
       "Fare            0.012658  0.257307 -0.549500  0.096067  0.159651  0.216225   \n",
       "\n",
       "                 Fare  \n",
       "PassengerId  0.012658  \n",
       "Survived     0.257307  \n",
       "Pclass      -0.549500  \n",
       "Age          0.096067  \n",
       "SibSp        0.159651  \n",
       "Parch        0.216225  \n",
       "Fare         1.000000  "
      ]
     },
     "execution_count": 13,
     "metadata": {},
     "output_type": "execute_result"
    }
   ],
   "source": [
    "df.select_dtypes(include='number').corr()\n"
   ]
  },
  {
   "cell_type": "code",
   "execution_count": 14,
   "id": "7e5f7228",
   "metadata": {},
   "outputs": [
    {
     "data": {
      "text/html": [
       "<div>\n",
       "<style scoped>\n",
       "    .dataframe tbody tr th:only-of-type {\n",
       "        vertical-align: middle;\n",
       "    }\n",
       "\n",
       "    .dataframe tbody tr th {\n",
       "        vertical-align: top;\n",
       "    }\n",
       "\n",
       "    .dataframe thead th {\n",
       "        text-align: right;\n",
       "    }\n",
       "</style>\n",
       "<table border=\"1\" class=\"dataframe\">\n",
       "  <thead>\n",
       "    <tr style=\"text-align: right;\">\n",
       "      <th></th>\n",
       "      <th>PassengerId</th>\n",
       "      <th>Survived</th>\n",
       "      <th>Pclass</th>\n",
       "      <th>Age</th>\n",
       "      <th>SibSp</th>\n",
       "      <th>Parch</th>\n",
       "      <th>Fare</th>\n",
       "    </tr>\n",
       "  </thead>\n",
       "  <tbody>\n",
       "    <tr>\n",
       "      <th>PassengerId</th>\n",
       "      <td>1.000000</td>\n",
       "      <td>-0.005007</td>\n",
       "      <td>-0.035144</td>\n",
       "      <td>0.036847</td>\n",
       "      <td>-0.057527</td>\n",
       "      <td>-0.001652</td>\n",
       "      <td>0.012658</td>\n",
       "    </tr>\n",
       "    <tr>\n",
       "      <th>Survived</th>\n",
       "      <td>-0.005007</td>\n",
       "      <td>1.000000</td>\n",
       "      <td>-0.338481</td>\n",
       "      <td>-0.077221</td>\n",
       "      <td>-0.035322</td>\n",
       "      <td>0.081629</td>\n",
       "      <td>0.257307</td>\n",
       "    </tr>\n",
       "    <tr>\n",
       "      <th>Pclass</th>\n",
       "      <td>-0.035144</td>\n",
       "      <td>-0.338481</td>\n",
       "      <td>1.000000</td>\n",
       "      <td>-0.369226</td>\n",
       "      <td>0.083081</td>\n",
       "      <td>0.018443</td>\n",
       "      <td>-0.549500</td>\n",
       "    </tr>\n",
       "    <tr>\n",
       "      <th>Age</th>\n",
       "      <td>0.036847</td>\n",
       "      <td>-0.077221</td>\n",
       "      <td>-0.369226</td>\n",
       "      <td>1.000000</td>\n",
       "      <td>-0.308247</td>\n",
       "      <td>-0.189119</td>\n",
       "      <td>0.096067</td>\n",
       "    </tr>\n",
       "    <tr>\n",
       "      <th>SibSp</th>\n",
       "      <td>-0.057527</td>\n",
       "      <td>-0.035322</td>\n",
       "      <td>0.083081</td>\n",
       "      <td>-0.308247</td>\n",
       "      <td>1.000000</td>\n",
       "      <td>0.414838</td>\n",
       "      <td>0.159651</td>\n",
       "    </tr>\n",
       "    <tr>\n",
       "      <th>Parch</th>\n",
       "      <td>-0.001652</td>\n",
       "      <td>0.081629</td>\n",
       "      <td>0.018443</td>\n",
       "      <td>-0.189119</td>\n",
       "      <td>0.414838</td>\n",
       "      <td>1.000000</td>\n",
       "      <td>0.216225</td>\n",
       "    </tr>\n",
       "    <tr>\n",
       "      <th>Fare</th>\n",
       "      <td>0.012658</td>\n",
       "      <td>0.257307</td>\n",
       "      <td>-0.549500</td>\n",
       "      <td>0.096067</td>\n",
       "      <td>0.159651</td>\n",
       "      <td>0.216225</td>\n",
       "      <td>1.000000</td>\n",
       "    </tr>\n",
       "  </tbody>\n",
       "</table>\n",
       "</div>"
      ],
      "text/plain": [
       "             PassengerId  Survived    Pclass       Age     SibSp     Parch  \\\n",
       "PassengerId     1.000000 -0.005007 -0.035144  0.036847 -0.057527 -0.001652   \n",
       "Survived       -0.005007  1.000000 -0.338481 -0.077221 -0.035322  0.081629   \n",
       "Pclass         -0.035144 -0.338481  1.000000 -0.369226  0.083081  0.018443   \n",
       "Age             0.036847 -0.077221 -0.369226  1.000000 -0.308247 -0.189119   \n",
       "SibSp          -0.057527 -0.035322  0.083081 -0.308247  1.000000  0.414838   \n",
       "Parch          -0.001652  0.081629  0.018443 -0.189119  0.414838  1.000000   \n",
       "Fare            0.012658  0.257307 -0.549500  0.096067  0.159651  0.216225   \n",
       "\n",
       "                 Fare  \n",
       "PassengerId  0.012658  \n",
       "Survived     0.257307  \n",
       "Pclass      -0.549500  \n",
       "Age          0.096067  \n",
       "SibSp        0.159651  \n",
       "Parch        0.216225  \n",
       "Fare         1.000000  "
      ]
     },
     "execution_count": 14,
     "metadata": {},
     "output_type": "execute_result"
    }
   ],
   "source": [
    "df.drop(columns=['Name', 'Sex', 'Ticket', 'Cabin', 'Embarked']).corr()\n"
   ]
  },
  {
   "cell_type": "code",
   "execution_count": null,
   "id": "ef308650",
   "metadata": {},
   "outputs": [],
   "source": []
  }
 ],
 "metadata": {
  "kernelspec": {
   "display_name": "Python 3",
   "language": "python",
   "name": "python3"
  },
  "language_info": {
   "codemirror_mode": {
    "name": "ipython",
    "version": 3
   },
   "file_extension": ".py",
   "mimetype": "text/x-python",
   "name": "python",
   "nbconvert_exporter": "python",
   "pygments_lexer": "ipython3",
   "version": "3.12.10"
  }
 },
 "nbformat": 4,
 "nbformat_minor": 5
}
